Agaricus_bisporus_XP_006461865.1	2366	PF00145	9.16e-120	272	599	PF01485	0.000158	696	729	PF04851	3.24e-12	1253	1388	PF11875	0.000771	1425	1510	PF00350	0.001	1817	1961	PF14634	3.34e-08	2052	2088	PF00271	8.73e-09	2145	2245												
Ajellomyces_capsulatus_C0NH24	1165	PF12047	4.28e-47	137	241	PF01426	3.54e-30	406	496	PF01426	2.97e-09	516	604	PF00145	4.44e-130	665	1040																								
Ajellomyces_capsulatus_C0NHN8	706	PF01426	2.11e-35	118	242	PF00145	8.51e-84	323	539	PF00145	1.31e-20	542	619																												
Amphiprora_0168726676	2332	PF09465	1.11e-11	32	72	PF13195	0.001	74	233	PF00145	1.39e-27	381	491	PF00145	1.35e-32	576	821	PF01485	2.15e-05	938	980	PF04851	5.07e-18	1598	1686	PF00271	0.000433	2035	2132												
Amphiprora_paludosa_0172475250	828	PF00145	8.62e-64	346	647																																				
Arabidopsis_thaliana_F4JWT7	488	PF00145	5.78e-115	19	377																																				
Arabidopsis_thaliana_O49139	922	PF01426	1.3e-38	79	196	PF00145	4.77e-18	227	286	PF00385	1.43e-20	340	392	PF00145	3.76e-122	398	759																								
Arabidopsis_thaliana_Q94F88	825	PF01426	1.74e-34	105	220	PF00145	6.36e-17	270	336	PF00385	6.05e-19	383	435	PF00145	9.98e-134	434	805																								
Arabidopsis_thaliana_Q9M548_	728	PF00145	3.79e-10	306	491	PF00145	3.88e-43	502	622																																
Ascobolus_immersus_O42731	1426	PF12047	5.4e-42	93	248	PF01426	6.6e-22	432	575	PF01426	1.11e-09	638	744	PF00145	4.73e-131	795	1227																								
Aspergillus_arachidicola_A0A2G7G503	1227	PF01426	3.73e-30	138	250	PF00145	3.07e-80	321	591	PF03972	0	667	1132																												
Aspergillus_niger_A0A124BX08	724	PF01426	2.83e-31	132	240	PF00145	5.62e-87	306	513	PF00145	4.27e-22	524	595																												
Emiliania_huxleyi_79036-1_	2280	PF00145	1.07e-125	256	602	PF14570	0.000729	700	727	PF04851	5.54e-17	1299	1417	PF00580	8.31e-08	1615	1835	PF00763	0.001	1891	1970	PF00271	4.31e-15	2085	2178																
Emiliania_huxleyi_XP_005778740.1	2008	PF00145	1.03e-101	186	546	PF04851	1.07e-11	1099	1227	PF00271	8.4e-15	1849	1925																												
Emiliania_huxleyi_XP_005778783.1_	1540	PF00145	1.71e-23	448	745	PF04851	1.05e-11	1264	1366																																
Emiliania_huxleyi_XP_005786351.1	392	PF00145	2.65e-61	130	337																																				
Extubocellulus_spinifer_0178508560_	331	PF00145	2.09e-26	31	226																																				
Extubocellulus_spinifer_0178552208	690	PF00145	3.35e-77	187	531																																				
Fistulifera_solari_GAX28335.1	475	PF00145	4.85e-67	24	370																																				
Fistulifera_solaris_g12970	2128	PF00145	1.55e-113	289	605	PF04851	1.57e-13	1285	1407	PF05517	0.000225	1425	1511	PF00097	4.27e-06	1916	1954	PF00271	3.27e-10	2004	2109																				
Fistulifera_solaris_GAX21868.1_	752	PF00145	7.46e-13	294	558																																				
Fomitopsis_pinicola_EPT02999.1	2217	PF00145	1.5e-135	136	464	PF01485	0.000344	595	623	PF04851	2.82e-13	1160	1285	PF12300	0.000124	1472	1623	PF14634	5.9e-07	1983	2017	PF00271	3.08e-12	2078	2178																
Fragilariopsis_cylindrus_148014	533	PF00145	5.3e-82	128	453																																				
Fragilariopsis_cylindrus_205902	1967	PF00145	1.01e-113	60	425	PF04851	4.01e-13	1118	1238	PF13923	4.02e-08	1714	1749	PF00271	1.31e-12	1802	1901																								
Fragilariopsis_cylindrus_jg1250079	877	PF00145	3.13e-67	440	739																																				
Fragilariopsis_cylindrus_jgi212855	2005	PF09465	5.35e-12	19	50	PF00145	4.91e-27	305	426	PF00145	1.91e-30	554	787	PF04851	4.23e-15	1565	1822																								
Fragilariopsis_cylindrus_OEU21471.1	585	PF00145	1.1e-43	90	407																																				
Fragilariopsis_kerguelensis_0170767394	2325	PF00145	2.75e-109	303	660	PF04851	1.04e-15	1362	1490	PF14634	1.45e-06	2017	2053	PF00271	3E-12	2100	2202																								
Fragilariopsis_kerguelensis_0170837188	581	PF00145	2.14e-76	216	567																																				
Fragilariopsis_kerguelensis_0170880710	953	PF00385	1.44e-11	252	311	PF00145	1.6e-85	533	870																																
Fragilariopsis_kerguelensis_0196011416	2296	PF05160	5.31e-05	279	308	PF00145	6.04e-33	470	589	PF00145	2.24e-31	703	961	PF04851	2.48e-15	1659	1917	PF00271	9.5e-07	2081	2178																				
Galerina_marginata_KDR80696.1	2335	PF00145	5.97e-132	147	482	PF01485	1.11e-05	599	636	PF04851	4.62e-13	1172	1297	PF13923	5.29e-07	1977	2014	PF00271	3.16e-13	2073	2172																				
Gallus_gallus_Q92072	1673	PF06464	2.39e-26	47	186	PF12047	3.92e-69	310	444	PF02008	8.97e-26	557	603	PF01426	1.04e-46	667	790	PF01426	6.42e-61	864	1009	PF00145	0	1064	1503																
Gelatoporia_subvermispora_EMD39297.1	2320	PF00145	5.47e-130	122	449	PF01485	0.000174	582	610	PF04851	4.17e-12	1166	1278	PF13923	1.19e-08	1954	1995	PF00271	2.49e-13	2050	2148																				
Grosmannia_clavigera_F0XN91	1160	PF12047	1.06e-39	90	197	PF01426	1.55e-33	359	456	PF00145	4.9e-108	656	1056																												
Guinardia_73587	620	PF00145	1.1e-86	199	580																																				
